5001,25.12,1,40, 3, 1,"RoSy export     "
5002,"25SIN   ",Unihorn bv,PRI-2100 06-04-101
5003,"OPERATOR","STANDARD",2117xxx-","F25"
5010,0,0,0,0,0,0,0,2,0,0,0,0,0,0,0,0,0,0,0,0,0,"H25"
5011,0,1,2017,06,02,00,00,2,"Tue",117
5200,"LOADCELL",2,1.000,89.00,  0.02,  7.129
5203,"SD 1    ",4,1.000,1.000
5203,"SD 2    ",4,1.000,1.000
5203,"SD 3    ",4,1.000,1.000
5203,"SD 4    ",4,1.000,1.000
5203,"SD 5    ",4,1.000,1.000
5203,"SD 6    ",4,1.000,1.000
5203,"SD 7    ",4,1.000,1.000
5203,"SD 8    ",4,1.000,1.000
5203,"SD 9    ",4,1.000,1.000
5210,"NA      ",4,1.000,1.000
5211,"NA      ",4,1.000,1.000
5212,"NA      ",4,1.000,1.000
5213,"NA      ",4,1.000,1.000
5214,"NA      ",4,1.000,1.000
5215,"NA      ",4,1.000,1.000
5216,"NA      ",4,1.000,1.000
5217,"NA      ",4,1.000,1.000
5218,"NA      ",4,1.000,1.000
5020,   150,     0,   200,   300,   450,   600,   900,  1200,  1500,  1800,N0    ,N0    ,N0    ,N0    ,N0    ,N0    ,N0    ,N0    ,N0    
5021,   300,     0,     0,     0,     0,     0,     0,     0,     0,     0,N0    ,N0    ,N0    ,N0    ,N0    ,N0    ,N0    ,N0    ,N0    
5022,0, 200, 201,   50,  100,  200,  390,"L123456789                 "
5023,1,4,0,    4050,    5120,    4050,     100,     1.0,1,1
5024,0,1,1,1,1,1,     0, 0.0,     0, 0.0,0,0,0, 120
5029,      23,      92,      23,      92
5030,                                  
5031,"filename                                                                    "
5032,verhoz&adv                                                    
5301,2,1,4,2,   0.000,1,1,"        ",2017,01,01,00,00
5302,0,0,A,p,0,0,1,0,
5303,0, 20.0, 20.0, 20.0
5041,"                                                                            "
5042,"                                                                            "
5043,"                                                                            "
5044,"                                                                            "